%YAML:1.0
---
type: IMU
name: M19_icm20948
Gyr:
   unit: " rad/s"
   avg-axis:
      gyr_n: 1.9171673551253094e-03
      gyr_w: 8.9883146340798373e-05
   x-axis:
      gyr_n: 2.0650057093379573e-03
      gyr_w: 1.0760574186653004e-04
   y-axis:
      gyr_n: 2.0101399640246320e-03
      gyr_w: 1.1413547168790292e-04
   z-axis:
      gyr_n: 1.6763563920133386e-03
      gyr_w: 4.7908225467962174e-05
Acc:
   unit: " m/s^2"
   avg-axis:
      acc_n: 2.0458110448390899e-02
      acc_w: 6.6289723025908791e-04
   x-axis:
      acc_n: 2.0437928815655908e-02
      acc_w: 5.8311199970007867e-04
   y-axis:
      acc_n: 1.9511789881747885e-02
      acc_w: 5.7827730878820148e-04
   z-axis:
      acc_n: 2.1424612647768897e-02
      acc_w: 8.2730238228898381e-04
