cameras:
- T_B_C:
    cols: 4
    data: [0.9999957044747583, -0.002336196030393111, 0.0017700904325464535, 0.0010731973548310724,
      0.0023248535399876167, 0.999976925616699, 0.00638304709304246, -0.0147124569561155,
      -0.0017849616380819138, -0.00637890447349435, 0.9999780615041853, 0.048075394605155086,
      0.0, 0.0, 0.0, 1.0]
    rows: 4
  calib_date: 0
  camera:
    distortion:
      parameters:
        cols: 1
        data: [-0.3851939106752631, 0.15226164253585386, 6.332206826141758e-05, 0.000244630372361477]
        rows: 4
      type: radial-tangential
    image_height: 480
    image_width: 640
    intrinsics:
      cols: 1
      data: [482.56616775270635, 482.6127748602745, 333.34131197179096, 268.28528173173777]
      rows: 4
    label: cam0
    line-delay-nanoseconds: 0
    type: pinhole
  description: /cam0/image_rect
  serial_no: 0
- T_B_C:
    cols: 4
    data: [0.9999778520218597, -0.002342189519065352, -0.006229736270849162, 0.10409138222739851,
      0.00240668540055966, 0.9999433790972584, 0.010365638665282492, -0.014244899500172901,
      0.006205105247317421, -0.010380402102676316, 0.9999268692864774, 0.04816666239193899,
      0.0, 0.0, 0.0, 1.0]
    rows: 4
  calib_date: 0
  camera:
    distortion:
      parameters:
        cols: 1
        data: [-0.38850732040298325, 0.1622508389761639, -1.7157289191803763e-05,
          -0.00032518965764643723]
        rows: 4
      type: radial-tangential
    image_height: 480
    image_width: 640
    intrinsics:
      cols: 1
      data: [480.45612389402055, 480.5388634126977, 331.05318125496314, 241.4544431954045]
      rows: 4
    label: cam1
    line-delay-nanoseconds: 0
    type: pinhole
  description: /cam1/image_rect
  serial_no: 0
label: ../param/calib/stereo_imu_april_2-camchain-imucam.yaml

imu_params:
  acc_max: 176.0
  delay_imu_cam: 0.0
  g: 9.8082
  imu_rate: 200.0
  max_imu_delta_t: 0.01
  omega_max: 7.8
  sigma_acc_bias_c: 0.0002
  sigma_acc_c: 0.01
  sigma_integration: 0.0
  sigma_omega_bias_c: 1.0e-05
  sigma_omega_c: 0.001

imu_initialization:
  acc_bias: [0.0, 0.0, 0.0]
  acc_bias_sigma: 0.01
  omega_bias: [0.0, 0.0, 0.0]
  omega_bias_sigma: 0.001
  velocity: [0.0, 0.0, 0.0]
  velocity_sigma: 1.0
